%YAML:1.0
---
calibration_time: "Вс 05 фев 2023 21:23:20"
image_width: 640
image_height: 480
aspectRatio: 1.3300000429153442e+00
flags: 10
camera_matrix: !!opencv-matrix
   rows: 3
   cols: 3
   dt: d
   data: [ 2.3970121961740930e+04, 0., 3.7968581158889606e+02, 0.,
       1.8022647509994593e+04, 3.1519962639256067e+02, 0., 0., 1. ]
distortion_coefficients: !!opencv-matrix
   rows: 1
   cols: 5
   dt: d
   data: [ 1.1582832881104561e+02, 3.1408006366993890e+04, 0., 0.,
       -9.3262584187830507e+03 ]
avg_reprojection_error: 1.1528886489520300e+00
