<?xml version="1.0"?>
<opencv_storage>
<calibration_time>"Вс 05 фев 2023 10:45:30"</calibration_time>
<image_width>640</image_width>
<image_height>480</image_height>
<aspectRatio>1.3300000429153442e+00</aspectRatio>
<flags>10</flags>
<camera_matrix type_id="opencv-matrix">
  <rows>3</rows>
  <cols>3</cols>
  <dt>d</dt>
  <data>
    6.3563993230597889e+03 0. 3.7561750966653807e+02 0.
    4.7792474571103303e+03 2.9168547320875297e+02 0. 0. 1.</data></camera_matrix>
<distortion_coefficients type_id="opencv-matrix">
  <rows>1</rows>
  <cols>5</cols>
  <dt>d</dt>
  <data>
    1.0241797145211997e+01 -6.1139281669714217e+02 0. 0.
    1.7975560614881215e+04</data></distortion_coefficients>
<avg_reprojection_error>9.6225926985685462e-01</avg_reprojection_error>
</opencv_storage>
