%YAML:1.0
---
calibration_time: "Вс 05 фев 2023 11:03:47"
image_width: 640
image_height: 480
aspectRatio: 1.3300000429153442e+00
flags: 10
camera_matrix: !!opencv-matrix
   rows: 3
   cols: 3
   dt: d
   data: [ 3.4577234198728220e+04, 0., 3.1180487813743861e+02, 0.,
       2.5997919611292142e+04, 2.8964100223597410e+02, 0., 0., 1. ]
distortion_coefficients: !!opencv-matrix
   rows: 1
   cols: 5
   dt: d
   data: [ 2.1874860958749443e+02, -1.0662808383071166e+04, 0., 0.,
       3.4514183305324764e+03 ]
avg_reprojection_error: 1.0498051320003983e+00
